414
390
205
614
184
236
255
137
779
89
258
747
393
544
701
718
552
92
961
639
502
205
432
740
628
603
222
812
924
808
383
843
398
883
699
218
156
473
677
184
871
581
347
85
970
734
542
694
794
90
481
324
413
44
276
572
8
436
209
372
956
548
83
474
532
922
203
621
474
53
367
133
222
976
943
733
165
766
811
453
610
948
182
967
516
677
181
38
113
24
176
486
701
840
430
84
960
436
648
89
147
318
633
6
391
338
140
536
416
206
922
807
998
57
656
217
454
264
559
414
845
783
130
363
964
712
488
945
58
135
757
885
736
615
798
766
155
623
964
419
128
99
122
148
304
179
182
420
150
947
213
902
575
327
790
512
818
240
867
264
121
879
843
371
191
695
75
514
295
12
600
853
49
346
222
387
409
345
843
832
409
396
425
834
380
548
95
186
901
39
946
382
739
878
409
790
455
236
319
875
671
232
670
738
319
109
896
705
739
322
224
783
829
729
691
729
256
393
304
449
770
983
83
904
449
432
987
930
263
72
516
301
929
702
896
329
808
489
547
131
953
918
263
442
903
298
420
992
675
847
