655
115
26
760
282
251
229
143
755
105
693
759
914
559
90
605
433
33
31
96
224
239
518
617
28
575
204
734
666
719
559
430
226
460
604
285
829
891
7
778
826
164
715
433
349
285
160
221
981
782
345
105
95
390
100
368
868
353
619
271
827
45
748
471
550
128
997
945
388
81
566
301
850
644
634
907
883
371
592
197
722
72
47
678
234
792
297
82
876
239
888
104
390
285
465
651
855
374
167
380
364
215
687
274
719
960
700
664
74
624
651
176
547
747
251
168
474
389
277
948
656
705
571
225
702
333
864
787
795
58
235
842
33
825
324
411
275
68
217
936
966
581
898
736
323
218
672
512
406
906
937
659
470
147
272
143
253
763
575
552
270
765
599
439
920
598
409
371
225
142
522
506
94
774
49
882
113
157
643
164
812
697
433
611
66
395
391
611
480
542
258
995
567
882
966
12
697
739
118
699
